101.6
101.8
102.9
101.2
102.0
101.8
103.0
101.3
102.1
102.4
102.7
101.7
101.8
102.3
101.8
101.6
102.6
101.7
101.5
102.7
101.8
102.2
101.2
102.3
102.6
101.5
102.5
101.6
101.9
102.7
103.0
101.9
101.4
101.9
102.2
102.6
102.2
101.2
101.6
103.0
101.5
102.0
102.9
101.6
102.9
101.7
101.9
102.7
101.4
101.7
101.3
102.1
101.1
102.0
101.4
101.9
101.6
101.2
102.1
102.4
101.3
101.9
102.3
102.2
102.4
101.3
102.7
101.5
101.8
101.7
101.9
102.3
102.6
101.0
101.3
102.1
101.7
102.0
101.3
101.3
102.8
102.9
101.6
102.3
102.8
101.5
102.2
101.7
101.9
102.2
102.8
101.3
101.9
102.2
101.6
102.8
102.0
102.1
102.7
101.4
101.6
101.9
101.5
101.3
101.8
101.6
101.1
101.3
102.1
101.2
102.4
101.4
102.6
101.4
101.9
101.1
102.0
101.8
102.9
102.5
101.7
102.1
102.7
102.0
101.6
102.5
101.8
101.0
102.4
101.2
101.2
102.7
101.5
102.1
102.9
102.1
102.8
101.5
102.0
101.8
101.5
101.2
101.8
101.0
101.2
101.0
101.6
101.1
101.9
102.0
102.2
103.0
101.0
101.8
102.0
102.8
101.7
102.4
102.0
102.0
102.5
101.1
102.8
101.8
101.0
102.1
101.0
101.8
101.3
102.2
102.2
101.9
102.9
101.3
101.2
101.5
101.1
102.3
101.9
103.0
101.8
101.9
102.4
102.7
102.9
101.9
102.0
102.2
102.1
101.8
102.6
102.7
102.2
102.6
101.0
101.1
101.4
102.2
102.4
102.3
101.8
101.8
102.3
102.7
102.4
102.0
102.6
102.3
101.2
101.7
101.8
102.4
102.5
102.4
102.8
101.2
102.4
101.8
102.7
101.1
101.2
101.2
101.5
101.1
101.8
101.8
103.0
101.2
102.1
102.8
101.0
101.3
102.6
102.9
102.8
102.0
102.6
101.9
101.9
102.6
102.2
101.1
101.0
101.5
102.2
102.7
101.2
102.4
101.5
102.2
101.5
101.4
101.6
101.7
101.5
101.8
102.2
101.5
102.8
101.5
101.9
102.0
101.7
101.9
102.4
101.5
103.0
101.8
101.5
101.1
102.0
102.4
101.2
102.1
102.1
101.3
101.5
101.7
102.4
102.2
102.4
102.5
101.2
102.6
101.5
102.4
102.1
102.7
102.6
102.6
102.4
102.5
102.7
101.5
101.8
102.8
102.4
102.9
101.3
102.4
