86.9
89.2
86.6
88.4
86.4
88.9
86.9
89.9
87.2
89.2
86.9
86.0
86.1
88.2
89.1
88.7
86.7
87.4
86.3
89.1
87.7
87.6
88.3
88.8
89.7
86.1
87.8
89.6
87.7
87.6
87.7
88.8
89.5
88.0
86.1
88.6
87.0
88.6
88.6
89.5
89.9
89.7
89.7
89.5
86.2
89.2
86.1
89.0
87.3
88.2
87.1
87.8
87.8
88.8
88.2
89.6
89.4
86.4
89.1
90.0
89.1
89.8
86.7
87.6
86.4
88.9
89.0
88.3
88.0
89.6
88.7
89.2
89.5
87.3
86.1
87.6
87.9
89.6
89.4
86.1
86.2
87.9
89.3
88.8
89.1
89.8
89.8
89.3
88.4
86.2
89.0
87.6
88.5
89.6
87.5
87.1
89.2
88.2
88.8
87.5
88.5
89.2
89.0
87.3
88.1
89.6
86.4
88.2
86.9
87.6
89.8
88.9
90.0
87.6
87.2
88.3
88.4
89.4
86.7
87.4
89.5
88.0
89.8
87.2
89.5
89.1
88.7
89.0
87.4
87.2
88.5
87.5
89.7
87.8
90.0
88.3
88.5
86.0
89.9
87.2
86.2
89.2
88.7
89.2
88.3
89.0
87.6
88.1
87.9
89.7
88.8
89.1
88.2
89.0
86.2
88.6
90.0
87.3
89.2
89.1
87.7
88.4
89.7
89.4
89.8
86.7
88.3
89.9
88.5
87.3
86.8
88.6
89.5
87.7
89.6
86.7
86.2
89.4
86.4
86.7
86.2
87.3
87.6
87.4
86.3
89.9
87.1
88.6
87.6
90.0
89.2
88.9
86.1
88.8
89.6
87.3
86.7
88.3
86.2
86.3
87.8
89.7
88.4
86.9
86.3
87.6
87.3
88.8
86.6
88.5
86.1
86.1
88.1
86.1
86.1
86.1
88.3
89.1
86.5
89.5
87.1
89.2
89.5
87.8
87.0
89.2
88.0
89.0
89.8
88.1
89.2
86.3
88.8
89.0
89.0
89.0
88.3
89.6
87.7
86.9
87.0
89.3
89.6
89.8
89.0
87.3
87.9
88.7
86.8
88.6
87.4
88.0
90.0
86.4
87.4
86.3
87.8
86.7
88.1
88.0
87.7
88.6
89.5
88.8
89.0
87.3
86.7
89.8
87.5
88.9
86.1
87.6
88.5
89.2
88.2
89.9
86.8
89.3
89.9
88.4
86.4
87.2
88.3
86.1
87.6
86.6
89.0
88.2
89.8
87.4
89.6
89.8
86.4
87.3
86.5
86.9
89.8
87.1
88.5
86.8
