95.2
96.3
96.7
96.3
95.9
95.5
96.4
96.6
95.9
96.8
96.2
96.7
95.3
96.5
95.8
95.6
95.4
95.4
95.7
95.6
95.1
95.2
95.2
95.2
96.1
95.8
95.9
95.8
95.0
96.0
96.2
96.7
95.4
95.5
95.6
95.2
95.2
95.7
96.4
95.4
95.1
96.0
96.2
95.4
96.6
95.4
96.1
96.9
96.1
95.9
95.5
96.9
95.0
95.8
95.5
95.0
96.7
95.0
97.0
95.4
95.5
95.5
95.5
96.4
96.0
95.7
95.7
95.9
96.4
96.2
96.5
96.6
95.0
95.4
95.5
96.6
95.5
95.6
95.5
95.8
96.5
96.8
95.3
96.4
95.5
95.0
96.2
95.3
95.9
96.2
96.4
95.5
96.3
96.2
95.0
96.8
95.9
96.5
96.4
95.2
95.8
96.0
95.9
95.6
95.4
95.5
95.0
95.8
95.8
96.0
96.7
96.9
95.4
96.2
95.7
95.5
96.4
96.0
95.1
95.3
96.1
95.4
96.7
95.1
96.3
95.1
96.0
95.6
96.3
95.3
96.8
96.2
96.0
96.0
96.3
95.6
97.0
96.7
95.1
96.7
95.3
96.1
96.0
96.6
95.8
96.6
95.5
95.3
96.3
96.2
95.6
95.2
96.4
95.7
95.4
96.4
95.4
96.1
96.9
96.6
96.6
95.1
95.6
96.3
96.3
96.7
95.9
96.9
96.1
95.0
96.1
97.0
95.7
96.7
96.9
96.9
96.0
96.3
95.9
95.9
96.8
96.6
95.9
95.4
95.4
95.6
95.1
95.8
95.1
95.5
95.9
96.2
96.7
95.8
96.5
96.5
96.2
96.1
96.8
95.3
96.8
95.3
96.7
95.5
95.9
95.7
96.8
97.0
95.6
96.2
95.9
95.3
95.6
95.8
96.2
95.7
96.7
95.6
96.1
96.2
96.9
95.1
96.0
96.6
96.1
96.3
96.9
95.5
95.8
95.1
95.9
96.4
96.0
95.1
97.0
96.2
96.4
95.9
95.9
96.3
96.1
96.7
96.9
96.5
96.3
96.7
95.5
96.1
95.8
95.1
95.6
95.4
96.4
95.5
95.4
95.8
95.1
95.2
96.9
96.2
95.7
95.3
96.9
95.4
96.6
96.2
96.5
95.9
96.0
96.6
96.5
96.1
96.3
96.5
96.4
96.2
97.0
95.7
95.6
95.5
95.5
96.2
95.6
95.3
95.3
95.9
96.8
95.8
95.6
95.0
96.0
95.3
96.1
95.9
95.0
95.5
96.9
96.9
96.0
95.0
96.2
95.9
96.8
95.1
96.5
96.7
96.4
97.0
95.1
96.8
95.5
96.8
96.0
97.0
96.4
97.0
95.2
96.6
95.5
96.2
96.9
95.4
96.5
96.1
96.3
95.6
96.9
95.6
95.1
95.6
96.0
96.2
96.8
95.9
95.7
96.0
95.9
95.3
95.6
96.1
96.1
96.7
95.9
95.8
96.2
96.2
96.2
95.1
96.9
96.3
95.9
96.8
96.4
95.4
96.4
96.8
95.6
97.0
96.3
95.6
96.9
95.3
95.1
96.9
95.6
96.8
95.4
96.7
96.8
96.2
95.9
96.8
95.1
96.4
95.9
95.7
95.9
95.0
97.0
95.7
97.0
96.1
97.0
96.1
96.3
96.8
96.4
95.9
96.9
96.0
96.2
95.4
96.3
96.5
95.6
95.1
95.2
96.9
95.2
95.0
95.9
95.8
96.6
96.7
96.5
95.4
95.2
95.0
96.3
96.9
95.2
96.5
95.2
95.5
95.1
95.4
96.6
95.2
95.0
96.7
95.5
96.0
95.1
95.6
96.9
95.4
96.6
96.1
95.6
96.6
96.5
96.9
96.1
96.3
95.2
96.4
96.5
95.7
95.7
95.2
95.6
95.3
95.6
95.4
95.6
95.4
95.4
95.6
95.6
96.4
97.0
96.3
95.7
95.0
96.6
96.7
96.0
95.1
96.3
97.0
95.1
96.9
96.7
96.1
96.5
96.8
96.4
96.6
96.5
96.1
96.2
96.8
96.1
95.3
96.9
95.7
95.7
96.1
96.3
96.4
95.1
95.2
95.3
95.2
95.8
96.7
96.0
95.5
95.5
95.9
96.0
95.7
95.1
95.1
95.6
96.5
95.1
96.4
95.4
96.0
96.1
96.0
95.1
96.3
96.0
95.5
95.9
95.4
96.3
95.2
96.4
95.5
95.2
95.1
95.7
96.9
95.3
96.9
96.0
96.6
96.0
95.9
96.8
95.5
96.1
95.2
96.1
96.6
96.1
96.4
96.8
96.5
95.0
96.2
95.8
95.7
95.8
96.5
96.5
95.8
95.8
95.3
94.9
94.5
94.0
93.6
93.2
92.7
92.3
91.9
91.4
91.0
90.6
90.1
89.7
89.3
88.8
88.4
87.9
87.5
87.5
86.8
88.6
87.4
87.9
87.1
86.6
89.0
89.8
88.7
88.2
87.5
86.1
87.6
86.2
86.7
88.0
88.7
89.2
86.2
89.5
86.2
88.6
89.1
89.8
87.8
86.7
87.7
87.2
87.8
89.0
87.8
89.3
87.8
87.1
89.6
87.0
89.5
88.4
89.8
86.3
88.4
88.9
88.2
89.5
89.7
86.1
88.1
88.0
89.3
88.5
86.4
87.6
86.3
86.7
86.9
87.8
87.3
88.4
86.7
87.6
89.7
86.6
88.3
86.0
87.0
86.9
88.7
89.4
87.4
89.8
87.9
88.0
88.9
86.1
89.2
87.6
87.6
87.2
88.0
89.9
86.6
86.9
87.9
86.7
88.4
87.9
88.4
88.5
88.2
89.0
86.1
88.5
88.8
87.3
88.4
89.6
86.6
87.3
86.4
86.9
87.6
88.8
86.5
88.5
86.8
87.7
89.9
88.2
89.4
88.9
86.6
88.4
89.2
88.7
87.9
88.7
88.7
88.0
87.0
88.8
86.6
89.0
86.4
88.2
86.2
87.0
86.4
89.9
88.9
88.7
86.8
87.7
89.7
87.3
89.9
87.9
87.1
89.5
86.4
87.2
86.5
86.4
87.8
89.9
86.3
89.9
88.9
86.6
88.7
89.1
87.2
87.5
86.7
88.1
86.7
88.8
87.0
88.9
89.8
88.3
88.3
89.7
89.6
86.6
89.3
87.9
87.9
87.5
87.9
88.7
89.7
88.3
87.6
87.0
87.3
86.7
88.9
89.9
89.7
87.9
89.5
88.8
88.4
88.6
87.7
89.9
86.8
87.8
89.9
86.2
89.7
87.4
87.6
86.8
89.0
86.0
88.3
88.7
86.0
89.2
86.1
89.7
89.4
86.2
87.3
88.4
87.2
89.0
86.3
89.2
88.7
86.5
86.3
86.5
87.1
87.9
86.9
88.7
86.1
88.0
87.0
89.2
89.7
89.1
90.0
89.7
87.3
87.2
87.2
89.5
87.3
88.3
87.5
88.7
89.7
86.7
88.4
88.1
89.5
89.0
87.0
86.3
88.6
87.1
86.2
89.1
87.8
88.7
89.2
88.4
89.5
87.9
88.6
87.3
89.3
89.9
89.4
87.8
87.3
88.3
89.8
89.4
89.6
86.4
89.3
86.4
89.6
86.9
88.0
88.0
87.6
87.3
86.9
86.5
86.2
85.8
85.5
85.1
84.7
84.4
84.0
83.7
83.3
82.9
82.9
77.5
84.7
82.1
80.0
81.7
82.3
80.1
77.3
78.6
75.8
77.4
75.1
79.4
82.6
78.6
85.0
76.6
83.8
81.4
83.5
76.0
75.2
81.0
77.5
82.6
83.2
78.5
78.4
76.5
79.7
75.7
79.8
79.8
80.4
83.5
77.9
80.3
79.7
75.6
75.2
76.4
78.0
80.1
80.6
75.6
82.5
82.3
81.0
80.2
77.6
84.3
77.7
84.9
80.4
79.7
83.0
80.6
81.9
78.1
76.7
79.0
85.0
77.7
83.7
75.8
78.0
77.4
79.3
76.1
79.3
75.0
84.0
77.2
78.3
84.3
76.5
75.4
80.5
78.3
83.8
79.9
78.4
82.8
76.8
79.2
80.2
76.0
76.2
76.3
75.3
80.4
76.0
84.9
82.7
81.8
76.9
79.1
76.2
83.3
76.1
84.3
79.0
75.6
81.9
80.7
76.9
80.1
77.6
77.6
84.8
81.2
81.3
77.4
81.1
79.5
81.6
76.5
81.0
75.1
84.1
77.6
82.6
75.6
83.9
81.4
82.0
75.9
77.3
80.3
80.0
80.5
83.8
78.1
83.5
84.6
76.8
75.6
76.9
78.8
79.4
76.5
83.6
77.0
79.6
78.0
83.1
76.3
78.3
84.5
81.3
77.2
76.5
76.9
75.8
81.2
75.7
76.2
75.7
81.3
76.6
79.6
76.6
76.3
84.9
81.3
75.0
83.4
81.3
81.7
77.2
77.1
79.2
84.8
78.1
78.6
79.7
80.5
77.2
80.7
80.7
81.2
81.7
82.2
82.7
83.2
83.7
84.2
84.7
85.2
85.7
86.2
86.7
87.2
87.7
88.2
88.7
89.2
89.7
90.2
90.7
91.2
91.7
92.2
92.7
93.2
93.7
94.2
94.7
95.2
95.2
96.3
96.7
96.3
95.9
95.5
96.4
96.6
95.9
96.8
96.2
96.7
95.3
96.5
95.8
95.6
95.4
95.4
95.7
95.6
95.1
95.2
95.2
95.2
96.1
95.8
95.9
95.8
95.0
96.0
96.2
96.7
95.4
95.5
95.6
95.2
95.2
95.7
96.4
95.4
95.1
96.0
96.2
95.4
96.6
95.4
96.1
96.9
96.1
95.9
95.5
96.9
95.0
95.8
95.5
95.0
96.7
95.0
97.0
95.4
95.5
95.5
95.5
96.4
96.0
95.7
95.7
95.9
96.4
96.2
96.5
96.6
95.0
95.4
95.5
96.6
95.5
95.6
95.5
95.8
96.5
96.8
95.3
96.4
95.5
95.0
96.2
95.3
95.9
96.2
96.4
95.5
96.3
96.2
95.0
96.8
95.9
96.5
96.4
95.2
95.8
96.0
95.9
95.6
95.4
95.5
95.0
95.8
95.8
96.0
96.7
96.9
95.4
96.2
95.7
95.5
96.4
96.0
95.1
95.3
96.1
95.4
96.7
95.1
96.3
95.1
96.0
95.6
96.3
95.3
96.8
96.2
96.0
96.0
96.3
95.6
97.0
96.7
95.1
96.7
95.3
96.1
96.0
96.6
95.8
96.6
95.5
95.3
96.3
96.2
95.6
95.2
96.4
95.7
95.4
96.4
95.4
96.1
96.9
96.6
96.6
95.1
95.6
96.3
96.3
96.7
95.9
96.9
96.1
95.0
96.1
97.0
95.7
96.7
96.9
96.9
96.0
96.3
95.9
95.9
96.8
96.6
95.9
95.4
95.4
95.6
95.1
95.8
95.1
95.5
95.9
96.2
96.7
95.8
96.5
96.5
96.2
96.1
96.8
95.3
96.8
95.3
96.7
95.5
95.9
95.7
96.8
97.0
95.6
96.2
95.9
95.3
95.6
95.8
96.2
95.7
96.7
95.6
96.1
96.2
96.9
95.1
96.0
96.6
96.1
96.3
96.9
95.5
95.8
95.1
95.9
96.4
96.0
95.1
97.0
96.2
96.4
95.9
95.9
96.3
96.1
96.7
96.9
96.5
96.3
96.7
95.5
96.1
95.8
95.1
95.6
95.4
96.4
95.5
95.4
95.8
95.1
95.2
96.9
96.2
95.7
95.3
96.9
95.4
96.6
96.2
96.5
95.9
96.0
96.6
96.5
96.1
96.3
96.5
96.4
96.2
97.0
95.7
95.6
95.5
95.5
96.2
95.6
95.3
95.3
95.9
96.8
95.8
95.6
95.0
96.0
95.3
96.1
95.9
95.0
95.5
96.9
96.9
96.0
95.0
96.2
95.9
96.8
95.1
96.5
96.7
96.4
97.0
95.1
96.8
95.5
96.8
96.0
97.0
96.4
97.0
95.2
96.6
95.5
96.2
96.9
95.4
96.5
96.1
96.3
95.6
96.9
95.6
95.1
95.6
96.0
96.2
96.8
95.9
95.7
96.0
95.9
95.3
95.6
96.1
96.1
96.7
95.9
95.8
96.2
96.2
96.2
95.1
96.9
96.3
95.9
96.8
96.4
95.4
96.4
96.8
95.6
97.0
96.3
95.6
96.9
95.3
95.1
96.9
95.6
96.8
95.4
96.7
96.8
96.2
95.9
96.8
95.1
96.4
95.9
95.7
95.9
95.0
97.0
95.7
97.0
96.1
97.0
96.1
96.3
96.8
96.4
95.9
96.9
96.0
96.2
95.4
96.3
96.5
95.6
95.1
95.2
96.9
95.2
95.0
95.9
95.8
96.6
96.7
96.5
95.4
95.2
95.0
96.3
96.9
95.2
96.5
95.2
95.5
95.1
95.4
96.6
95.2
95.0
96.7
95.5
96.0
95.1
95.6
96.9
95.4
96.6
96.1
95.6
96.6
96.5
96.9
96.1
96.3
95.2
96.4
96.5
95.7
95.7
95.2
95.6
95.3
95.6
95.4
95.6
95.4
95.4
95.6
95.6
96.4
97.0
96.3
95.7
95.0
96.6
96.7
96.0
95.1
96.3
97.0
95.1
96.9
96.7
96.1
96.5
96.8
96.4
96.6
96.5
96.1
96.2
96.8
96.1
95.3
96.9
95.7
95.7
96.1
96.3
96.4
95.1
95.2
95.3
95.2
95.8
96.7
96.0
95.5
95.5
95.9
96.0
95.7
95.1
95.1
95.6
96.5
95.1
96.4
95.4
96.0
96.0
96.5
97.1
97.7
98.2
98.8
99.4
99.9
100.5
101.1
101.1
102.7
101.2
101.8
101.1
101.7
101.6
101.1
102.0
101.4
102.3
101.1
102.2
102.0
102.6
102.5
101.0
101.9
101.5
102.4
101.8
102.7
102.8
102.2
102.1
102.0
101.9
101.3
102.2
101.1
102.2
102.5
103.0
101.2
101.6
101.6
101.6
101.7
102.8
101.5
101.5
101.6
102.1
102.7
101.3
101.0
102.2
101.8
102.1
102.0
101.9
102.6
102.0
101.6
101.7
102.5
102.9
102.1
101.2
102.4
101.2
101.6
102.5
102.4
101.3
102.2
102.0
102.8
101.0
101.1
101.2
101.5
102.7
102.1
101.9
102.2
101.2
102.6
102.5
103.0
102.4
101.2
102.9
101.0
101.6
102.1
102.9
102.6
102.4
102.9
101.4
101.7
101.9
101.2
101.3
101.9
103.0
102.7
101.6
102.0
101.7
101.3
101.8
101.9
101.6
101.2
101.4
101.4
101.7
102.7
101.4
101.1
101.9
103.0
101.5
101.1
101.6
101.8
101.5
102.1
102.6
102.0
101.2
101.5
102.1
102.8
101.1
102.6
101.6
102.0
101.4
101.6
102.9
101.7
101.4
101.3
101.0
102.5
101.1
101.2
102.7
103.0
102.6
102.0
102.1
101.4
102.9
101.6
101.7
102.9
101.1
101.9
101.6
101.5
102.2
102.2
102.5
102.2
102.3
102.1
102.4
102.9
101.2
101.5
101.4
102.5
101.6
102.6
102.2
101.1
102.0
102.2
102.5
102.6
102.5
101.8
101.2
101.5
102.4
101.4
101.4
103.1
104.7
106.3
107.9
107.9
106.1
106.5
107.3
107.7
107.4
106.1
106.4
106.1
107.6
106.7
107.9
107.5
107.8
106.0
108.0
106.2
106.5
107.0
107.8
106.9
106.2
107.0
107.0
107.6
107.2
106.0
106.9
106.3
106.3
107.7
106.5
107.0
107.1
107.1
106.3
106.1
107.6
106.4
106.3
107.3
107.5
106.5
106.1
107.7
107.2
106.2
106.1
106.0
107.5
